kernel line : count latency dram_traffic smem_bk_conflicts smem_warp gmem_access_generated gmem_warp exposed_latency warp_divergence
sftmx.1.sm_86.ptx 336 : 2048 9856 0 0 0 0 0 0 0 
sftmx.1.sm_86.ptx 335 : 2048 13312 0 0 0 0 0 0 0 
sftmx.1.sm_86.ptx 310 : 2048 18688 0 0 0 0 0 0 0 
sftmx.1.sm_86.ptx 292 : 255 9182 0 19 12 0 0 0 0 
sftmx.1.sm_86.ptx 291 : 255 9182 0 19 12 0 0 0 0 
sftmx.1.sm_86.ptx 290 : 255 2295 0 0 0 0 0 0 0 
sftmx.1.sm_86.ptx 289 : 255 1530 0 0 0 0 0 0 0 
sftmx.1.sm_86.ptx 287 : 2048 8965 0 0 0 0 0 0 5 
sftmx.1.sm_86.ptx 286 : 2048 12288 0 0 0 0 0 0 0 
sftmx.1.sm_86.ptx 283 : 256 0 0 0 0 0 0 0 0 
sftmx.1.sm_86.ptx 282 : 256 1280 0 0 0 0 0 0 0 
sftmx.1.sm_86.ptx 281 : 256 1920 0 16 8 0 0 0 0 
sftmx.1.sm_86.ptx 278 : 2048 9856 0 0 0 0 0 0 0 
sftmx.1.sm_86.ptx 277 : 2048 13312 0 0 0 0 0 0 0 
sftmx.1.sm_86.ptx 276 : 2048 18432 0 0 0 0 0 0 0 
sftmx.1.sm_86.ptx 275 : 2048 19456 0 0 0 0 0 0 0 
sftmx.1.sm_86.ptx 274 : 2048 55616 0 0 0 0 0 0 0 
sftmx.1.sm_86.ptx 273 : 2048 12288 0 0 0 0 0 0 0 
sftmx.1.sm_86.ptx 272 : 2048 12288 0 0 0 0 0 0 0 
sftmx.1.sm_86.ptx 271 : 2048 12288 0 0 0 0 0 0 0 
sftmx.1.sm_86.ptx 270 : 2048 18464 0 0 0 0 0 0 0 
sftmx.1.sm_86.ptx 269 : 2048 10240 0 0 0 0 0 0 0 
sftmx.1.sm_86.ptx 268 : 2048 18432 0 0 0 0 0 0 0 
sftmx.1.sm_86.ptx 267 : 2048 11392 0 0 0 0 0 0 0 
sftmx.1.sm_86.ptx 266 : 2048 12288 0 0 0 0 0 0 0 
sftmx.1.sm_86.ptx 265 : 2048 18432 0 0 0 0 0 0 0 
sftmx.1.sm_86.ptx 264 : 2048 18432 0 0 0 0 0 0 0 
sftmx.1.sm_86.ptx 263 : 2048 11392 0 0 0 0 0 0 0 
sftmx.1.sm_86.ptx 262 : 2048 12256 0 0 0 0 0 0 0 
sftmx.1.sm_86.ptx 261 : 2048 12288 0 0 0 0 0 0 0 
sftmx.1.sm_86.ptx 260 : 2048 18464 0 0 0 0 0 0 0 
sftmx.1.sm_86.ptx 259 : 2048 10240 0 0 0 0 0 0 0 
sftmx.1.sm_86.ptx 258 : 2048 10240 0 0 0 0 0 0 0 
sftmx.1.sm_86.ptx 257 : 2048 18432 0 0 0 0 0 0 0 
sftmx.1.sm_86.ptx 256 : 2048 88768 0 0 0 256 64 0 0 
sftmx.1.sm_86.ptx 255 : 2048 18688 0 0 0 0 0 0 0 
sftmx.1.sm_86.ptx 254 : 2048 18560 0 0 0 0 0 0 0 
sftmx.1.sm_86.ptx 251 : 256 1536 0 0 0 0 0 0 0 
sftmx.1.sm_86.ptx 250 : 256 1280 0 0 0 0 0 0 0 
sftmx.1.sm_86.ptx 248 : 256 0 0 0 0 0 0 0 0 
sftmx.1.sm_86.ptx 247 : 256 1280 0 0 0 0 0 0 0 
sftmx.1.sm_86.ptx 246 : 256 1280 0 0 0 0 0 0 0 
sftmx.1.sm_86.ptx 245 : 256 9440 0 8 8 0 0 0 0 
sftmx.1.sm_86.ptx 244 : 256 1536 0 0 0 0 0 0 0 
sftmx.1.sm_86.ptx 241 : 2048 8960 0 0 0 0 0 0 0 
sftmx.1.sm_86.ptx 240 : 2048 12288 0 0 0 0 0 0 0 
sftmx.1.sm_86.ptx 239 : 2048 12288 0 0 0 0 0 0 0 
sftmx.1.sm_86.ptx 235 : 255 1244 0 19 12 0 0 0 0 
sftmx.1.sm_86.ptx 234 : 255 2295 0 0 0 0 0 0 0 
sftmx.1.sm_86.ptx 233 : 255 9214 0 19 12 0 0 0 0 
sftmx.1.sm_86.ptx 232 : 255 2295 0 0 0 0 0 0 0 
sftmx.1.sm_86.ptx 238 : 2048 10368 0 0 0 0 0 0 0 
sftmx.1.sm_86.ptx 231 : 255 1530 0 0 0 0 0 0 0 
sftmx.1.sm_86.ptx 230 : 255 9214 0 19 12 0 0 0 0 
sftmx.1.sm_86.ptx 228 : 2048 8965 0 0 0 0 0 0 5 
sftmx.1.sm_86.ptx 227 : 2048 12288 0 0 0 0 0 0 0 
sftmx.1.sm_86.ptx 224 : 256 1536 0 0 0 0 0 0 0 
sftmx.1.sm_86.ptx 222 : 256 0 0 0 0 0 0 0 0 
sftmx.1.sm_86.ptx 221 : 256 1536 0 0 0 0 0 0 0 
sftmx.1.sm_86.ptx 220 : 256 1536 0 0 0 0 0 0 0 
sftmx.1.sm_86.ptx 219 : 256 1280 0 0 0 0 0 0 0 
sftmx.1.sm_86.ptx 218 : 256 1312 0 0 0 0 0 0 0 
sftmx.1.sm_86.ptx 217 : 256 1280 0 16 8 0 0 0 0 
sftmx.1.sm_86.ptx 216 : 256 2304 0 0 0 0 0 0 0 
sftmx.1.sm_86.ptx 215 : 256 1568 0 0 0 0 0 0 0 
sftmx.1.sm_86.ptx 214 : 256 1536 0 0 0 0 0 0 0 
sftmx.1.sm_86.ptx 211 : 2048 9184 0 0 0 0 0 0 0 
sftmx.1.sm_86.ptx 210 : 2048 12608 0 0 0 0 0 0 0 
sftmx.1.sm_86.ptx 209 : 2048 18464 0 0 0 0 0 0 0 
sftmx.1.sm_86.ptx 208 : 2048 18720 0 0 0 0 0 0 0 
sftmx.1.sm_86.ptx 207 : 2048 500064 0 0 0 256 64 0 0 
sftmx.1.sm_86.ptx 206 : 2048 19040 0 0 0 0 0 0 0 
sftmx.1.sm_86.ptx 205 : 2048 18432 0 0 0 0 0 0 0 
sftmx.1.sm_86.ptx 202 : 256 1632 0 0 0 0 0 0 0 
sftmx.1.sm_86.ptx 201 : 256 1280 0 0 0 0 0 0 0 
sftmx.1.sm_86.ptx 197 : 256 1280 0 0 0 0 0 0 0 
sftmx.1.sm_86.ptx 196 : 256 1536 0 0 0 0 0 0 0 
sftmx.1.sm_86.ptx 195 : 256 2080 0 0 0 0 0 0 0 
sftmx.1.sm_86.ptx 194 : 256 1536 0 0 0 0 0 0 0 
sftmx.1.sm_86.ptx 193 : 256 1888 0 0 0 0 0 0 0 
sftmx.1.sm_86.ptx 192 : 256 3168 0 0 0 0 0 0 0 
sftmx.1.sm_86.ptx 94 : 2097152 0 0 0 0 0 0 0 0 
sftmx.1.sm_86.ptx 93 : 2097152 14939328 0 0 0 0 0 0 0 
sftmx.1.sm_86.ptx 86 : 131072 20482160 0 0 0 16384 8192 0 0 
sftmx.1.sm_86.ptx 92 : 2097152 14687840 0 0 0 0 0 0 0 
sftmx.1.sm_86.ptx 91 : 2097152 15998656 0 0 0 0 0 0 0 
sftmx.1.sm_86.ptx 90 : 2097152 15991872 0 0 0 0 0 0 0 
sftmx.1.sm_86.ptx 89 : 2097152 20711616 0 131072 65536 0 0 0 0 
sftmx.1.sm_86.ptx 84 : 2097152 12244176 0 0 0 0 0 0 8192 
sftmx.1.sm_86.ptx 83 : 2097152 14193632 0 0 0 0 0 0 0 
sftmx.1.sm_86.ptx 339 : 256 1408 0 0 0 0 0 0 0 
sftmx.1.sm_86.ptx 82 : 2097152 14312544 0 0 0 0 0 0 0 
sftmx.1.sm_86.ptx 81 : 2097152 15564928 0 0 0 0 0 0 0 
sftmx.1.sm_86.ptx 80 : 2097152 14965408 0 0 0 0 0 0 0 
sftmx.1.sm_86.ptx 334 : 2048 18432 0 0 0 0 0 0 0 
sftmx.1.sm_86.ptx 77 : 32768 225600 0 0 0 0 0 0 0 
sftmx.1.sm_86.ptx 333 : 2048 9344 0 0 0 256 64 0 0 
sftmx.1.sm_86.ptx 76 : 32768 232000 0 0 0 0 0 0 0 
sftmx.1.sm_86.ptx 332 : 2048 18432 0 0 0 0 0 0 0 
sftmx.1.sm_86.ptx 75 : 32768 243200 0 0 0 0 0 0 0 
sftmx.1.sm_86.ptx 331 : 2048 90112 0 0 0 0 0 0 0 
sftmx.1.sm_86.ptx 74 : 32768 249856 0 0 0 0 0 0 0 
sftmx.1.sm_86.ptx 330 : 2048 18432 0 0 0 0 0 0 0 
sftmx.1.sm_86.ptx 73 : 32768 264960 0 0 0 0 0 0 0 
sftmx.1.sm_86.ptx 329 : 2048 55616 0 0 0 0 0 0 0 
sftmx.1.sm_86.ptx 72 : 32768 367936 0 0 0 0 0 0 0 
sftmx.1.sm_86.ptx 328 : 2048 12288 0 0 0 0 0 0 0 
sftmx.1.sm_86.ptx 71 : 32768 252480 0 0 0 0 0 0 0 
sftmx.1.sm_86.ptx 327 : 2048 12288 0 0 0 0 0 0 0 
sftmx.1.sm_86.ptx 70 : 32768 257280 0 0 0 0 0 0 0 
sftmx.1.sm_86.ptx 326 : 2048 12288 0 0 0 0 0 0 0 
sftmx.1.sm_86.ptx 69 : 32768 369856 0 0 0 0 0 0 0 
sftmx.1.sm_86.ptx 325 : 2048 18464 0 0 0 0 0 0 0 
sftmx.1.sm_86.ptx 68 : 32768 411456 0 0 0 0 0 0 0 
sftmx.1.sm_86.ptx 324 : 2048 10240 0 0 0 0 0 0 0 
sftmx.1.sm_86.ptx 67 : 32768 440640 0 0 0 0 0 0 0 
sftmx.1.sm_86.ptx 323 : 2048 18432 0 0 0 0 0 0 0 
sftmx.1.sm_86.ptx 66 : 32768 291392 0 0 0 0 0 0 0 
sftmx.1.sm_86.ptx 305 : 256 9152 0 8 8 0 0 0 0 
sftmx.1.sm_86.ptx 48 : 32768 206848 0 0 0 0 0 0 0 
sftmx.1.sm_86.ptx 47 : 32768 202368 0 0 0 0 0 0 0 
sftmx.1.sm_86.ptx 174 : 32768 187584 0 0 0 0 0 0 0 
sftmx.1.sm_86.ptx 303 : 256 0 0 0 0 0 0 0 0 
sftmx.1.sm_86.ptx 46 : 32768 249152 0 0 0 0 0 0 0 
sftmx.1.sm_86.ptx 45 : 32768 1146880 0 0 0 0 0 0 0 
sftmx.1.sm_86.ptx 103 : 2097152 106848352 0 65536 65536 0 0 0 0 
sftmx.1.sm_86.ptx 44 : 32768 196608 0 0 0 0 0 0 0 
sftmx.1.sm_86.ptx 171 : 2048 9408 0 0 0 256 128 0 0 
sftmx.1.sm_86.ptx 102 : 2097152 13720288 0 0 0 0 0 0 0 
sftmx.1.sm_86.ptx 300 : 2048 8960 0 0 0 0 0 0 0 
sftmx.1.sm_86.ptx 43 : 32768 196608 0 0 0 0 0 0 0 
sftmx.1.sm_86.ptx 170 : 2048 18832 0 0 0 0 0 0 0 
sftmx.1.sm_86.ptx 101 : 2097152 17450592 0 131072 65536 0 0 0 0 
sftmx.1.sm_86.ptx 299 : 2048 12288 0 0 0 0 0 0 0 
sftmx.1.sm_86.ptx 42 : 32768 346432 0 0 0 0 0 0 0 
sftmx.1.sm_86.ptx 169 : 2048 19440 0 0 0 0 0 0 0 
sftmx.1.sm_86.ptx 298 : 2048 12288 0 0 0 0 0 0 0 
sftmx.1.sm_86.ptx 41 : 32768 434816 0 0 0 0 0 0 0 
sftmx.1.sm_86.ptx 168 : 2048 15952 0 0 0 0 0 0 0 
sftmx.1.sm_86.ptx 297 : 2048 10592 0 0 0 0 0 0 0 
sftmx.1.sm_86.ptx 40 : 32768 425984 0 0 0 0 0 0 0 
sftmx.1.sm_86.ptx 167 : 2048 19792 0 0 0 0 0 0 0 
sftmx.1.sm_86.ptx 98 : 2097152 542735264 0 0 0 262144 65536 0 0 
sftmx.1.sm_86.ptx 39 : 32768 425984 0 0 0 0 0 0 0 
sftmx.1.sm_86.ptx 97 : 2097152 20425312 0 0 0 0 0 0 0 
sftmx.1.sm_86.ptx 38 : 32768 425984 0 0 0 0 0 0 0 
sftmx.1.sm_86.ptx 165 : 32768 173072 0 0 0 0 0 0 128 
sftmx.1.sm_86.ptx 96 : 2097152 20632800 0 0 0 0 0 0 0 
sftmx.1.sm_86.ptx 294 : 255 1244 0 19 12 0 0 0 0 
sftmx.1.sm_86.ptx 37 : 32768 417728 0 0 0 0 0 0 0 
sftmx.1.sm_86.ptx 164 : 32768 209824 0 0 0 0 0 0 0 
sftmx.1.sm_86.ptx 293 : 255 2295 0 0 0 0 0 0 0 
sftmx.1.sm_86.ptx 36 : 32768 995456 0 0 0 0 0 0 0 
sftmx.1.sm_86.ptx 163 : 32768 226368 0 0 0 0 0 0 0 
sftmx.1.sm_86.ptx 322 : 2048 11392 0 0 0 0 0 0 0 
sftmx.1.sm_86.ptx 65 : 32768 391232 0 0 0 0 0 0 0 
sftmx.1.sm_86.ptx 306 : 256 1536 0 0 0 0 0 0 0 
sftmx.1.sm_86.ptx 49 : 32768 354048 0 0 0 0 0 0 0 
sftmx.1.sm_86.ptx 50 : 32768 261440 0 0 0 0 0 0 0 
sftmx.1.sm_86.ptx 51 : 32768 201088 0 0 0 0 0 0 0 
sftmx.1.sm_86.ptx 309 : 2048 18560 0 0 0 0 0 0 0 
sftmx.1.sm_86.ptx 52 : 32768 0 0 0 0 0 0 0 0 
sftmx.1.sm_86.ptx 311 : 2048 88768 0 0 0 256 64 0 0 
sftmx.1.sm_86.ptx 54 : 32768 200448 0 0 0 0 0 0 0 
sftmx.1.sm_86.ptx 312 : 2048 18432 0 0 0 0 0 0 0 
sftmx.1.sm_86.ptx 55 : 32768 199488 0 0 0 0 0 0 0 
sftmx.1.sm_86.ptx 313 : 2048 10240 0 0 0 0 0 0 0 
sftmx.1.sm_86.ptx 56 : 32768 355712 0 0 0 0 0 0 0 
sftmx.1.sm_86.ptx 314 : 2048 10240 0 0 0 0 0 0 0 
sftmx.1.sm_86.ptx 57 : 32768 243072 0 0 0 0 0 0 0 
sftmx.1.sm_86.ptx 315 : 2048 18464 0 0 0 0 0 0 0 
sftmx.1.sm_86.ptx 58 : 32768 358656 0 0 0 0 0 0 0 
sftmx.1.sm_86.ptx 316 : 2048 12288 0 0 0 0 0 0 0 
sftmx.1.sm_86.ptx 59 : 32768 252480 0 0 0 0 0 0 0 
sftmx.1.sm_86.ptx 317 : 2048 12256 0 0 0 0 0 0 0 
sftmx.1.sm_86.ptx 60 : 32768 364992 0 0 0 0 0 0 0 
sftmx.1.sm_86.ptx 318 : 2048 11392 0 0 0 0 0 0 0 
sftmx.1.sm_86.ptx 61 : 32768 410432 0 0 0 0 0 0 0 
sftmx.1.sm_86.ptx 319 : 2048 18432 0 0 0 0 0 0 0 
sftmx.1.sm_86.ptx 62 : 32768 387264 0 0 0 0 0 0 0 
sftmx.1.sm_86.ptx 320 : 2048 18432 0 0 0 0 0 0 0 
sftmx.1.sm_86.ptx 63 : 32768 406912 0 0 0 0 0 0 0 
sftmx.1.sm_86.ptx 190 : 256 1504 0 0 0 0 0 0 0 
sftmx.1.sm_86.ptx 321 : 2048 12288 0 0 0 0 0 0 0 
sftmx.1.sm_86.ptx 64 : 32768 394432 0 0 0 0 0 0 0 
sftmx.1.sm_86.ptx 191 : 256 3808 0 0 0 0 0 0 0 
sftmx.1.sm_86.ptx 104 : 2097152 143488992 0 131072 65536 0 0 0 0 
sftmx.1.sm_86.ptx 105 : 2097152 21564128 0 0 0 0 0 0 0 
sftmx.1.sm_86.ptx 106 : 2097152 112674720 0 65536 65536 0 0 0 0 
sftmx.1.sm_86.ptx 107 : 2097152 107142944 0 131072 65536 0 0 0 0 
sftmx.1.sm_86.ptx 108 : 2097152 22203040 0 0 0 0 0 0 0 
sftmx.1.sm_86.ptx 109 : 2097152 108112576 0 65536 65536 0 0 0 0 
sftmx.1.sm_86.ptx 110 : 2097152 110396320 0 131072 65536 0 0 0 0 
sftmx.1.sm_86.ptx 111 : 2097152 22666720 0 0 0 0 0 0 0 
sftmx.1.sm_86.ptx 112 : 2097152 105964128 0 65536 65536 0 0 0 0 
sftmx.1.sm_86.ptx 113 : 2097152 102408960 0 131072 65536 0 0 0 0 
sftmx.1.sm_86.ptx 114 : 2097152 23081024 0 0 0 0 0 0 0 
sftmx.1.sm_86.ptx 115 : 2097152 104264192 0 65536 65536 0 0 0 0 
sftmx.1.sm_86.ptx 116 : 2097152 106275168 0 131072 65536 0 0 0 0 
sftmx.1.sm_86.ptx 117 : 2097152 23190080 0 0 0 0 0 0 0 
sftmx.1.sm_86.ptx 118 : 2097152 105641184 0 65536 65536 0 0 0 0 
sftmx.1.sm_86.ptx 119 : 2097152 101052352 0 131072 65536 0 0 0 0 
sftmx.1.sm_86.ptx 120 : 2097152 23190208 0 0 0 0 0 0 0 
sftmx.1.sm_86.ptx 121 : 2097152 100058208 0 65536 65536 0 0 0 0 
sftmx.1.sm_86.ptx 122 : 2097152 101550272 0 131072 65536 0 0 0 0 
sftmx.1.sm_86.ptx 123 : 2097152 23085792 0 0 0 0 0 0 0 
sftmx.1.sm_86.ptx 124 : 2097152 100313120 0 65536 65536 0 0 0 0 
sftmx.1.sm_86.ptx 125 : 2097152 99269856 0 131072 65536 0 0 0 0 
sftmx.1.sm_86.ptx 126 : 2097152 22694848 0 0 0 0 0 0 0 
sftmx.1.sm_86.ptx 127 : 2097152 101742368 0 65536 65536 0 0 0 0 
sftmx.1.sm_86.ptx 128 : 2097152 99841280 0 131072 65536 0 0 0 0 
sftmx.1.sm_86.ptx 129 : 2097152 22783840 0 0 0 0 0 0 0 
sftmx.1.sm_86.ptx 130 : 2097152 97614688 0 65536 65536 0 0 0 0 
sftmx.1.sm_86.ptx 131 : 2097152 98097696 0 131072 65536 0 0 0 0 
sftmx.1.sm_86.ptx 132 : 2097152 22780384 0 0 0 0 0 0 0 
sftmx.1.sm_86.ptx 133 : 2097152 98045376 0 65536 65536 0 0 0 0 
sftmx.1.sm_86.ptx 134 : 2097152 97850912 0 131072 65536 0 0 0 0 
sftmx.1.sm_86.ptx 135 : 2097152 22824000 0 0 0 0 0 0 0 
sftmx.1.sm_86.ptx 136 : 2097152 96896576 0 65536 65536 0 0 0 0 
sftmx.1.sm_86.ptx 137 : 2097152 97561600 0 131072 65536 0 0 0 0 
sftmx.1.sm_86.ptx 138 : 2097152 22566880 0 0 0 0 0 0 0 
sftmx.1.sm_86.ptx 139 : 2097152 95960096 0 65536 65536 0 0 0 0 
sftmx.1.sm_86.ptx 140 : 2097152 96711616 0 131072 65536 0 0 0 0 
sftmx.1.sm_86.ptx 141 : 2097152 22442656 0 0 0 0 0 0 0 
sftmx.1.sm_86.ptx 142 : 2097152 94852256 0 65536 65536 0 0 0 0 
sftmx.1.sm_86.ptx 143 : 2097152 95542208 0 131072 65536 0 0 0 0 
sftmx.1.sm_86.ptx 144 : 2097152 22216672 0 0 0 0 0 0 0 
sftmx.1.sm_86.ptx 145 : 2097152 92763616 0 65536 65536 0 0 0 0 
sftmx.1.sm_86.ptx 146 : 2097152 93782528 0 131072 65536 0 0 0 0 
sftmx.1.sm_86.ptx 147 : 2097152 21685568 0 0 0 0 0 0 0 
sftmx.1.sm_86.ptx 148 : 2097152 90338784 0 65536 65536 0 0 0 0 
sftmx.1.sm_86.ptx 149 : 2097152 91237760 0 131072 65536 0 0 0 0 
sftmx.1.sm_86.ptx 150 : 2097152 20184192 0 0 0 0 0 0 0 
sftmx.1.sm_86.ptx 151 : 2097152 13958752 0 0 0 0 0 0 0 
sftmx.1.sm_86.ptx 152 : 2097152 13902688 0 0 0 0 0 0 0 
sftmx.1.sm_86.ptx 153 : 2097152 23308224 0 0 0 0 0 0 0 
sftmx.1.sm_86.ptx 154 : 2097152 30765920 0 0 0 0 0 0 0 
sftmx.1.sm_86.ptx 155 : 2097152 25452352 0 0 0 0 0 0 0 
sftmx.1.sm_86.ptx 156 : 2097152 25174816 0 0 0 0 0 0 0 
sftmx.1.sm_86.ptx 157 : 2097152 24755520 0 0 0 0 0 0 0 
sftmx.1.sm_86.ptx 158 : 2097152 15934560 0 0 0 0 0 0 0 
sftmx.1.sm_86.ptx 159 : 2097152 12733088 0 0 0 0 0 0 0 
sftmx.1.sm_86.ptx 162 : 32768 224992 0 0 0 0 0 0 0 
