kernel line : count latency dram_traffic smem_bk_conflicts smem_warp gmem_access_generated gmem_warp exposed_latency warp_divergence
aten.1.sm_86.ptx 402 : 262144 1660704 0 0 0 0 0 0 0 
aten.1.sm_86.ptx 399 : 1048576 5237696 0 0 0 0 0 0 0 
aten.1.sm_86.ptx 398 : 1048576 7345088 0 0 0 0 0 0 0 
aten.1.sm_86.ptx 397 : 1048576 10164448 0 0 0 0 0 0 0 
aten.1.sm_86.ptx 396 : 1048576 5018816 0 0 0 131072 32768 0 0 
aten.1.sm_86.ptx 395 : 1048576 10054048 0 0 0 0 0 0 0 
aten.1.sm_86.ptx 394 : 1048576 47168736 0 0 0 0 0 0 0 
aten.1.sm_86.ptx 393 : 1048576 9538368 0 0 0 0 0 0 0 
aten.1.sm_86.ptx 392 : 1048576 28808672 0 0 0 0 0 0 0 
aten.1.sm_86.ptx 391 : 1048576 6977952 0 0 0 0 0 0 0 
aten.1.sm_86.ptx 390 : 1048576 6987680 0 0 0 0 0 0 0 
aten.1.sm_86.ptx 389 : 1048576 6883680 0 0 0 0 0 0 0 
aten.1.sm_86.ptx 388 : 1048576 9840192 0 0 0 0 0 0 0 
aten.1.sm_86.ptx 387 : 1048576 6302400 0 0 0 0 0 0 0 
aten.1.sm_86.ptx 386 : 1048576 9828096 0 0 0 0 0 0 0 
aten.1.sm_86.ptx 385 : 1048576 6595424 0 0 0 0 0 0 0 
aten.1.sm_86.ptx 384 : 1048576 6935936 0 0 0 0 0 0 0 
aten.1.sm_86.ptx 383 : 1048576 9524320 0 0 0 0 0 0 0 
aten.1.sm_86.ptx 382 : 1048576 9829824 0 0 0 0 0 0 0 
aten.1.sm_86.ptx 381 : 1048576 6593856 0 0 0 0 0 0 0 
aten.1.sm_86.ptx 380 : 1048576 6668576 0 0 0 0 0 0 0 
aten.1.sm_86.ptx 379 : 1048576 6990080 0 0 0 0 0 0 0 
aten.1.sm_86.ptx 378 : 1048576 9817056 0 0 0 0 0 0 0 
aten.1.sm_86.ptx 377 : 1048576 6441440 0 0 0 0 0 0 0 
aten.1.sm_86.ptx 376 : 1048576 6334272 0 0 0 0 0 0 0 
aten.1.sm_86.ptx 375 : 1048576 9537504 0 0 0 0 0 0 0 
aten.1.sm_86.ptx 374 : 1048576 46159840 0 0 0 131072 32768 0 0 
aten.1.sm_86.ptx 373 : 1048576 10763456 0 0 0 0 0 0 0 
aten.1.sm_86.ptx 372 : 1048576 10411488 0 0 0 0 0 0 0 
aten.1.sm_86.ptx 371 : 1048576 10849536 0 0 0 0 0 0 0 
aten.1.sm_86.ptx 368 : 262144 2108128 0 0 0 0 0 0 0 
aten.1.sm_86.ptx 367 : 262144 2751808 0 0 0 0 0 0 0 
aten.1.sm_86.ptx 366 : 262144 9407488 0 8192 8192 0 0 0 0 
aten.1.sm_86.ptx 364 : 262144 0 0 0 0 0 0 0 0 
aten.1.sm_86.ptx 361 : 2097152 11312960 0 0 0 0 0 0 0 
aten.1.sm_86.ptx 360 : 2097152 14044096 0 0 0 0 0 0 0 
aten.1.sm_86.ptx 359 : 2097152 13856224 0 0 0 0 0 0 0 
aten.1.sm_86.ptx 355 : 261120 1455636 0 19456 12288 0 0 0 0 
aten.1.sm_86.ptx 354 : 261120 2369370 0 0 0 0 0 0 0 
aten.1.sm_86.ptx 353 : 261120 9645195 0 19456 12288 0 0 0 0 
aten.1.sm_86.ptx 352 : 261120 9500090 0 19456 12288 0 0 0 0 
aten.1.sm_86.ptx 351 : 261120 2500715 0 0 0 0 0 0 0 
aten.1.sm_86.ptx 358 : 2097152 12840000 0 0 0 0 0 0 0 
aten.1.sm_86.ptx 350 : 261120 1744750 0 0 0 0 0 0 0 
aten.1.sm_86.ptx 162 : 4194304 52948928 0 0 0 0 0 0 0 
aten.1.sm_86.ptx 161 : 4194304 210941376 0 131072 131072 0 0 0 0 
aten.1.sm_86.ptx 160 : 4194304 208255872 0 262144 131072 0 0 0 0 
aten.1.sm_86.ptx 159 : 4194304 52217696 0 0 0 0 0 0 0 
aten.1.sm_86.ptx 158 : 4194304 220101664 0 131072 131072 0 0 0 0 
aten.1.sm_86.ptx 157 : 4194304 229564800 0 262144 131072 0 0 0 0 
aten.1.sm_86.ptx 156 : 4194304 53824992 0 0 0 0 0 0 0 
aten.1.sm_86.ptx 155 : 4194304 217482112 0 131072 131072 0 0 0 0 
aten.1.sm_86.ptx 154 : 4194304 233738816 0 262144 131072 0 0 0 0 
aten.1.sm_86.ptx 153 : 4194304 53968416 0 0 0 0 0 0 0 
aten.1.sm_86.ptx 152 : 4194304 228940384 0 131072 131072 0 0 0 0 
aten.1.sm_86.ptx 151 : 4194304 220629600 0 262144 131072 0 0 0 0 
aten.1.sm_86.ptx 150 : 4194304 54379904 0 0 0 0 0 0 0 
aten.1.sm_86.ptx 149 : 4194304 219953568 0 131072 131072 0 0 0 0 
aten.1.sm_86.ptx 148 : 4194304 216660096 0 262144 131072 0 0 0 0 
aten.1.sm_86.ptx 147 : 4194304 53287232 0 0 0 0 0 0 0 
aten.1.sm_86.ptx 146 : 4194304 224704768 0 131072 131072 0 0 0 0 
aten.1.sm_86.ptx 145 : 4194304 214426304 0 262144 131072 0 0 0 0 
aten.1.sm_86.ptx 144 : 4194304 53121344 0 0 0 0 0 0 0 
aten.1.sm_86.ptx 143 : 4194304 216231904 0 131072 131072 0 0 0 0 
aten.1.sm_86.ptx 142 : 4194304 235578016 0 262144 131072 0 0 0 0 
aten.1.sm_86.ptx 141 : 4194304 54151104 0 0 0 0 0 0 0 
aten.1.sm_86.ptx 140 : 4194304 231165792 0 131072 131072 0 0 0 0 
aten.1.sm_86.ptx 139 : 4194304 236018240 0 262144 131072 0 0 0 0 
aten.1.sm_86.ptx 138 : 4194304 51879200 0 0 0 0 0 0 0 
aten.1.sm_86.ptx 137 : 4194304 213049024 0 131072 131072 0 0 0 0 
aten.1.sm_86.ptx 136 : 4194304 223026048 0 262144 131072 0 0 0 0 
aten.1.sm_86.ptx 135 : 4194304 52940160 0 0 0 0 0 0 0 
aten.1.sm_86.ptx 134 : 4194304 208854240 0 131072 131072 0 0 0 0 
aten.1.sm_86.ptx 133 : 4194304 224176896 0 262144 131072 0 0 0 0 
aten.1.sm_86.ptx 132 : 4194304 52801312 0 0 0 0 0 0 0 
aten.1.sm_86.ptx 131 : 4194304 251884032 0 131072 131072 0 0 0 0 
aten.1.sm_86.ptx 130 : 4194304 227536448 0 262144 131072 0 0 0 0 
aten.1.sm_86.ptx 129 : 4194304 52928864 0 0 0 0 0 0 0 
aten.1.sm_86.ptx 128 : 4194304 222544736 0 131072 131072 0 0 0 0 
aten.1.sm_86.ptx 127 : 4194304 211225376 0 262144 131072 0 0 0 0 
aten.1.sm_86.ptx 126 : 4194304 52908928 0 0 0 0 0 0 0 
aten.1.sm_86.ptx 125 : 4194304 216857728 0 131072 131072 0 0 0 0 
aten.1.sm_86.ptx 124 : 4194304 238043872 0 262144 131072 0 0 0 0 
aten.1.sm_86.ptx 123 : 4194304 53046752 0 0 0 0 0 0 0 
aten.1.sm_86.ptx 122 : 4194304 225841216 0 131072 131072 0 0 0 0 
aten.1.sm_86.ptx 121 : 4194304 253271648 0 262144 131072 0 0 0 0 
aten.1.sm_86.ptx 120 : 4194304 53832736 0 0 0 0 0 0 0 
aten.1.sm_86.ptx 119 : 4194304 229780608 0 131072 131072 0 0 0 0 
aten.1.sm_86.ptx 118 : 4194304 218787776 0 262144 131072 0 0 0 0 
aten.1.sm_86.ptx 117 : 4194304 52955488 0 0 0 0 0 0 0 
aten.1.sm_86.ptx 116 : 4194304 214626080 0 131072 131072 0 0 0 0 
aten.1.sm_86.ptx 115 : 4194304 248547904 0 262144 131072 0 0 0 0 
aten.1.sm_86.ptx 114 : 4194304 53278176 0 0 0 0 0 0 0 
aten.1.sm_86.ptx 113 : 4194304 216119616 0 131072 131072 0 0 0 0 
aten.1.sm_86.ptx 112 : 4194304 223996640 0 262144 131072 0 0 0 0 
aten.1.sm_86.ptx 111 : 4194304 54222496 0 0 0 0 0 0 0 
aten.1.sm_86.ptx 110 : 4194304 231385504 0 131072 131072 0 0 0 0 
aten.1.sm_86.ptx 109 : 4194304 239197504 0 262144 131072 0 0 0 0 
aten.1.sm_86.ptx 108 : 4194304 53022080 0 0 0 0 0 0 0 
aten.1.sm_86.ptx 107 : 4194304 252499328 0 131072 131072 0 0 0 0 
aten.1.sm_86.ptx 106 : 4194304 381221568 0 262144 131072 0 0 0 0 
aten.1.sm_86.ptx 105 : 4194304 47998976 0 0 0 0 0 0 0 
aten.1.sm_86.ptx 104 : 4194304 192508832 0 131072 131072 0 0 0 0 
aten.1.sm_86.ptx 64 : 1114112 13404800 0 0 0 0 0 0 0 
aten.1.sm_86.ptx 321 : 1048576 9823008 0 0 0 0 0 0 0 
aten.1.sm_86.ptx 63 : 1114112 13759360 0 0 0 0 0 0 0 
aten.1.sm_86.ptx 320 : 1048576 6437632 0 0 0 0 0 0 0 
aten.1.sm_86.ptx 62 : 1114112 13227520 0 0 0 0 0 0 0 
aten.1.sm_86.ptx 319 : 1048576 6348608 0 0 0 0 0 0 0 
aten.1.sm_86.ptx 61 : 1114112 13794816 0 0 0 0 0 0 0 
aten.1.sm_86.ptx 318 : 1048576 9537248 0 0 0 0 0 0 0 
aten.1.sm_86.ptx 60 : 1114112 12436416 0 0 0 0 0 0 0 
aten.1.sm_86.ptx 317 : 1048576 45592416 0 0 0 131072 32768 0 0 
aten.1.sm_86.ptx 59 : 1114112 7869696 0 0 0 0 0 0 0 
aten.1.sm_86.ptx 316 : 1048576 10737632 0 0 0 0 0 0 0 
aten.1.sm_86.ptx 58 : 1114112 12438656 0 0 0 0 0 0 0 
aten.1.sm_86.ptx 315 : 1048576 10391200 0 0 0 0 0 0 0 
aten.1.sm_86.ptx 57 : 1114112 7867136 0 0 0 0 0 0 0 
aten.1.sm_86.ptx 314 : 1048576 10370784 0 0 0 0 0 0 0 
aten.1.sm_86.ptx 56 : 1114112 12436736 0 0 0 0 0 0 0 
aten.1.sm_86.ptx 55 : 1114112 6684672 0 0 0 0 0 0 0 
aten.1.sm_86.ptx 54 : 1114112 6684672 0 0 0 0 0 0 0 
aten.1.sm_86.ptx 311 : 262144 1965408 0 0 0 0 0 0 0 
aten.1.sm_86.ptx 52 : 1114112 0 0 0 0 0 0 0 0 
aten.1.sm_86.ptx 309 : 262144 2873024 0 0 0 0 0 0 0 
aten.1.sm_86.ptx 51 : 1114112 6684672 0 0 0 0 0 0 0 
aten.1.sm_86.ptx 50 : 1114112 7869696 0 0 0 0 0 0 0 
aten.1.sm_86.ptx 307 : 262144 0 0 0 0 0 0 0 0 
aten.1.sm_86.ptx 49 : 1114112 12440256 0 0 0 0 0 0 0 
aten.1.sm_86.ptx 306 : 262144 9351328 0 8192 8192 0 0 0 0 
aten.1.sm_86.ptx 65 : 1114112 13423808 0 0 0 0 0 0 0 
aten.1.sm_86.ptx 322 : 1048576 7003872 0 0 0 0 0 0 0 
aten.1.sm_86.ptx 163 : 4194304 217424736 0 262144 131072 0 0 0 0 
aten.1.sm_86.ptx 36 : 1114112 35970432 0 0 0 0 0 0 0 
aten.1.sm_86.ptx 293 : 261120 9424146 0 19456 12288 0 0 0 0 
aten.1.sm_86.ptx 164 : 4194304 211003904 0 131072 131072 0 0 0 0 
aten.1.sm_86.ptx 37 : 1114112 14483456 0 0 0 0 0 0 0 
aten.1.sm_86.ptx 294 : 261120 2363247 0 0 0 0 0 0 0 
aten.1.sm_86.ptx 96 : 4194304 43561536 0 0 0 0 0 0 0 
aten.1.sm_86.ptx 165 : 4194304 51940256 0 0 0 0 0 0 0 
aten.1.sm_86.ptx 38 : 1114112 14483456 0 0 0 0 0 0 0 
aten.1.sm_86.ptx 295 : 261120 1416893 0 19456 12288 0 0 0 0 
aten.1.sm_86.ptx 97 : 4194304 41591712 0 0 0 0 0 0 0 
aten.1.sm_86.ptx 166 : 4194304 215904960 0 262144 131072 0 0 0 0 
aten.1.sm_86.ptx 39 : 1114112 14483456 0 0 0 0 0 0 0 
aten.1.sm_86.ptx 98 : 4194304 1193607552 262144 0 0 524288 131072 0 0 
aten.1.sm_86.ptx 167 : 4194304 211052832 0 131072 131072 0 0 0 0 
aten.1.sm_86.ptx 40 : 1114112 14483456 0 0 0 0 0 0 0 
aten.1.sm_86.ptx 168 : 4194304 52525152 0 0 0 0 0 0 0 
aten.1.sm_86.ptx 41 : 1114112 14692352 0 0 0 0 0 0 0 
aten.1.sm_86.ptx 298 : 2097152 12512320 0 0 0 0 0 0 0 
aten.1.sm_86.ptx 169 : 4194304 210214752 0 262144 131072 0 0 0 0 
aten.1.sm_86.ptx 42 : 1114112 10845696 0 0 0 0 0 0 0 
aten.1.sm_86.ptx 299 : 2097152 13644352 0 0 0 0 0 0 0 
aten.1.sm_86.ptx 101 : 4194304 36863168 0 262144 131072 0 0 0 0 
aten.1.sm_86.ptx 170 : 4194304 214556800 0 131072 131072 0 0 0 0 
aten.1.sm_86.ptx 43 : 1114112 6684672 0 0 0 0 0 0 0 
aten.1.sm_86.ptx 300 : 2097152 13782496 0 0 0 0 0 0 0 
aten.1.sm_86.ptx 102 : 4194304 24357760 0 0 0 0 0 0 0 
aten.1.sm_86.ptx 171 : 4194304 52066272 0 0 0 0 0 0 0 
aten.1.sm_86.ptx 44 : 1114112 6684672 0 0 0 0 0 0 0 
aten.1.sm_86.ptx 301 : 2097152 11032096 0 0 0 0 0 0 0 
aten.1.sm_86.ptx 103 : 4194304 248440064 0 262144 131072 0 0 0 0 
aten.1.sm_86.ptx 45 : 1114112 51177984 0 0 0 0 0 0 0 
aten.1.sm_86.ptx 46 : 1114112 7867136 0 0 0 0 0 0 0 
aten.1.sm_86.ptx 47 : 1114112 6684672 0 0 0 0 0 0 0 
aten.1.sm_86.ptx 304 : 262144 1759872 0 0 0 0 0 0 0 
aten.1.sm_86.ptx 48 : 1114112 6684672 0 0 0 0 0 0 0 
aten.1.sm_86.ptx 305 : 262144 1681248 0 0 0 0 0 0 0 
aten.1.sm_86.ptx 66 : 1114112 7957376 0 0 0 0 0 0 0 
aten.1.sm_86.ptx 323 : 1048576 6688352 0 0 0 0 0 0 0 
aten.1.sm_86.ptx 67 : 1114112 12446016 0 0 0 0 0 0 0 
aten.1.sm_86.ptx 324 : 1048576 6607936 0 0 0 0 0 0 0 
aten.1.sm_86.ptx 68 : 1114112 12977344 0 0 0 0 0 0 0 
aten.1.sm_86.ptx 325 : 1048576 9830144 0 0 0 0 0 0 0 
aten.1.sm_86.ptx 69 : 1114112 13215872 0 0 0 0 0 0 0 
aten.1.sm_86.ptx 326 : 1048576 9521632 0 0 0 0 0 0 0 
aten.1.sm_86.ptx 70 : 1114112 8238144 0 0 0 0 0 0 0 
aten.1.sm_86.ptx 327 : 1048576 6967232 0 0 0 0 0 0 0 
aten.1.sm_86.ptx 71 : 1114112 7552704 0 0 0 0 0 0 0 
aten.1.sm_86.ptx 328 : 1048576 6612064 0 0 0 0 0 0 0 
aten.1.sm_86.ptx 72 : 1114112 14278720 0 0 0 0 0 0 0 
aten.1.sm_86.ptx 329 : 1048576 9841984 0 0 0 0 0 0 0 
aten.1.sm_86.ptx 73 : 1114112 11285824 0 0 0 0 0 0 0 
aten.1.sm_86.ptx 330 : 1048576 6351840 0 0 0 0 0 0 0 
aten.1.sm_86.ptx 74 : 1114112 7977536 0 0 0 0 0 0 0 
aten.1.sm_86.ptx 331 : 1048576 9857952 0 0 0 0 0 0 0 
aten.1.sm_86.ptx 75 : 1114112 8079040 0 0 0 0 0 0 0 
aten.1.sm_86.ptx 332 : 1048576 6941568 0 0 0 0 0 0 0 
aten.1.sm_86.ptx 76 : 1114112 8195392 0 0 0 0 0 0 0 
aten.1.sm_86.ptx 333 : 1048576 7042688 0 0 0 0 0 0 0 
aten.1.sm_86.ptx 77 : 1114112 7604352 0 0 0 0 0 0 0 
aten.1.sm_86.ptx 334 : 1048576 7040256 0 0 0 0 0 0 0 
aten.1.sm_86.ptx 80 : 4194304 29858848 0 0 0 0 0 0 0 
aten.1.sm_86.ptx 337 : 1048576 10161696 0 0 0 0 0 0 0 
aten.1.sm_86.ptx 81 : 4194304 33223104 0 0 0 0 0 0 0 
aten.1.sm_86.ptx 338 : 1048576 7294048 0 0 0 0 0 0 0 
aten.1.sm_86.ptx 82 : 4194304 32062496 0 0 0 0 0 0 0 
aten.1.sm_86.ptx 339 : 1048576 5239040 0 0 0 0 0 0 0 
aten.1.sm_86.ptx 83 : 4194304 26745728 0 0 0 0 0 0 0 
aten.1.sm_86.ptx 84 : 4194304 0 0 0 0 0 0 0 0 
aten.1.sm_86.ptx 86 : 4194304 1778082432 3248384 0 0 524288 131072 0 0 
aten.1.sm_86.ptx 343 : 262144 1618304 0 0 0 0 0 0 0 
aten.1.sm_86.ptx 89 : 4194304 50436832 0 262144 131072 0 0 0 0 
aten.1.sm_86.ptx 90 : 4194304 29718496 0 0 0 0 0 0 0 
aten.1.sm_86.ptx 347 : 2097152 13942176 0 0 0 0 0 0 0 
aten.1.sm_86.ptx 91 : 4194304 31748416 0 0 0 0 0 0 0 
aten.1.sm_86.ptx 348 : 2097152 11282941 0 0 0 0 0 0 5120 
aten.1.sm_86.ptx 92 : 4194304 30411328 0 0 0 0 0 0 0 
aten.1.sm_86.ptx 93 : 4194304 31798944 0 0 0 0 0 0 0 
aten.1.sm_86.ptx 94 : 4194304 0 0 0 0 0 0 0 0 
aten.1.sm_86.ptx 172 : 4194304 214413504 0 262144 131072 0 0 0 0 
aten.1.sm_86.ptx 173 : 4194304 217679520 0 131072 131072 0 0 0 0 
aten.1.sm_86.ptx 174 : 4194304 50549248 0 0 0 0 0 0 0 
aten.1.sm_86.ptx 175 : 4194304 225898752 0 262144 131072 0 0 0 0 
aten.1.sm_86.ptx 176 : 4194304 215244864 0 131072 131072 0 0 0 0 
aten.1.sm_86.ptx 177 : 4194304 51170976 0 0 0 0 0 0 0 
aten.1.sm_86.ptx 178 : 4194304 210169600 0 262144 131072 0 0 0 0 
aten.1.sm_86.ptx 179 : 4194304 212733344 0 131072 131072 0 0 0 0 
aten.1.sm_86.ptx 180 : 4194304 50099936 0 0 0 0 0 0 0 
aten.1.sm_86.ptx 181 : 4194304 218904224 0 262144 131072 0 0 0 0 
aten.1.sm_86.ptx 182 : 4194304 198907904 0 131072 131072 0 0 0 0 
aten.1.sm_86.ptx 183 : 4194304 49885504 0 0 0 0 0 0 0 
aten.1.sm_86.ptx 184 : 4194304 214023840 0 262144 131072 0 0 0 0 
aten.1.sm_86.ptx 185 : 4194304 205340576 0 131072 131072 0 0 0 0 
aten.1.sm_86.ptx 186 : 4194304 49280352 0 0 0 0 0 0 0 
aten.1.sm_86.ptx 187 : 4194304 206507392 0 262144 131072 0 0 0 0 
aten.1.sm_86.ptx 188 : 4194304 195864352 0 131072 131072 0 0 0 0 
aten.1.sm_86.ptx 189 : 4194304 48842688 0 0 0 0 0 0 0 
aten.1.sm_86.ptx 190 : 4194304 194786208 0 262144 131072 0 0 0 0 
aten.1.sm_86.ptx 191 : 4194304 191475104 0 131072 131072 0 0 0 0 
aten.1.sm_86.ptx 192 : 4194304 47854720 0 0 0 0 0 0 0 
aten.1.sm_86.ptx 193 : 4194304 194482208 0 262144 131072 0 0 0 0 
aten.1.sm_86.ptx 194 : 4194304 188789504 0 131072 131072 0 0 0 0 
aten.1.sm_86.ptx 195 : 4194304 45762112 0 0 0 0 0 0 0 
aten.1.sm_86.ptx 196 : 4194304 187694176 0 262144 131072 0 0 0 0 
aten.1.sm_86.ptx 197 : 4194304 182192416 0 131072 131072 0 0 0 0 
aten.1.sm_86.ptx 198 : 4194304 42759072 0 0 0 0 0 0 0 
aten.1.sm_86.ptx 199 : 4194304 44189888 0 0 0 0 0 0 0 
aten.1.sm_86.ptx 200 : 4194304 25165824 0 0 0 0 0 0 0 
aten.1.sm_86.ptx 201 : 4194304 88222528 0 0 0 0 0 0 0 
aten.1.sm_86.ptx 202 : 4194304 50331648 0 0 0 0 0 0 0 
aten.1.sm_86.ptx 203 : 4194304 50331648 0 0 0 0 0 0 0 
aten.1.sm_86.ptx 204 : 4194304 50331648 0 0 0 0 0 0 0 
aten.1.sm_86.ptx 205 : 4194304 50331648 0 0 0 0 0 0 0 
aten.1.sm_86.ptx 206 : 4194304 36530464 0 0 0 0 0 0 0 
aten.1.sm_86.ptx 207 : 4194304 21561344 0 0 0 0 0 0 0 
aten.1.sm_86.ptx 210 : 1114112 8189344 0 0 0 0 0 0 0 
aten.1.sm_86.ptx 211 : 1114112 8198336 0 0 0 0 0 0 0 
aten.1.sm_86.ptx 212 : 1114112 8618464 0 0 0 0 0 0 0 
aten.1.sm_86.ptx 213 : 1114112 0 0 0 0 0 0 0 0 
aten.1.sm_86.ptx 215 : 1114112 15352896 0 0 0 0 0 0 0 
aten.1.sm_86.ptx 216 : 1114112 10562240 0 0 0 0 0 0 0 
aten.1.sm_86.ptx 217 : 1114112 13426432 0 0 0 0 0 0 0 
aten.1.sm_86.ptx 218 : 1114112 12548192 0 0 0 0 0 0 0 
aten.1.sm_86.ptx 219 : 1114112 8554912 0 0 0 139264 34816 0 0 
aten.1.sm_86.ptx 222 : 1114112 8333152 0 0 0 0 0 0 0 
aten.1.sm_86.ptx 239 : 262144 3078880 0 0 0 0 0 0 0 
aten.1.sm_86.ptx 240 : 262144 3734496 0 0 0 0 0 0 0 
aten.1.sm_86.ptx 241 : 262144 3243776 0 0 0 0 0 0 0 
aten.1.sm_86.ptx 242 : 262144 3288352 0 0 0 0 0 0 0 
aten.1.sm_86.ptx 243 : 262144 2416064 0 0 0 0 0 0 0 
aten.1.sm_86.ptx 244 : 262144 1798368 0 0 0 0 0 0 0 
aten.1.sm_86.ptx 245 : 262144 1673888 0 0 0 0 0 0 0 
aten.1.sm_86.ptx 246 : 262144 1727072 0 0 0 0 0 0 0 
aten.1.sm_86.ptx 247 : 262144 0 0 0 0 0 0 0 0 
aten.1.sm_86.ptx 249 : 262144 1743136 0 0 0 0 0 0 0 
aten.1.sm_86.ptx 250 : 262144 1673632 0 0 0 0 0 0 0 
aten.1.sm_86.ptx 254 : 262144 3024704 0 0 0 0 0 0 0 
aten.1.sm_86.ptx 255 : 262144 2062688 0 0 0 0 0 0 0 
aten.1.sm_86.ptx 256 : 262144 1984448 0 0 0 0 0 0 0 
aten.1.sm_86.ptx 257 : 262144 1951456 0 0 0 0 0 0 0 
aten.1.sm_86.ptx 260 : 1048576 10610464 0 0 0 0 0 0 0 
aten.1.sm_86.ptx 261 : 1048576 10121152 0 0 0 0 0 0 0 
aten.1.sm_86.ptx 262 : 1048576 10441120 0 0 0 0 0 0 0 
aten.1.sm_86.ptx 263 : 1048576 917123872 3742080 0 0 131072 32768 0 0 
aten.1.sm_86.ptx 264 : 1048576 9697728 0 0 0 0 0 0 0 
aten.1.sm_86.ptx 265 : 1048576 9875296 0 0 0 0 0 0 0 
aten.1.sm_86.ptx 266 : 1048576 6786912 0 0 0 0 0 0 0 
aten.1.sm_86.ptx 267 : 1048576 4615584 0 0 0 0 0 0 0 
aten.1.sm_86.ptx 268 : 262144 1581760 0 0 0 0 0 0 0 
aten.1.sm_86.ptx 274 : 262144 1695136 0 0 0 0 0 0 0 
aten.1.sm_86.ptx 275 : 262144 1659648 0 0 0 0 0 0 0 
aten.1.sm_86.ptx 276 : 262144 2444192 0 0 0 0 0 0 0 
aten.1.sm_86.ptx 277 : 262144 1458656 0 16384 8192 0 0 0 0 
aten.1.sm_86.ptx 278 : 262144 1484256 0 0 0 0 0 0 0 
aten.1.sm_86.ptx 279 : 262144 1509024 0 0 0 0 0 0 0 
aten.1.sm_86.ptx 280 : 262144 1695616 0 0 0 0 0 0 0 
aten.1.sm_86.ptx 281 : 262144 1698464 0 0 0 0 0 0 0 
aten.1.sm_86.ptx 282 : 262144 0 0 0 0 0 0 0 0 
aten.1.sm_86.ptx 284 : 262144 1703456 0 0 0 0 0 0 0 
aten.1.sm_86.ptx 287 : 2097152 13690112 0 0 0 0 0 0 0 
aten.1.sm_86.ptx 288 : 2097152 10980136 0 0 0 0 0 0 5120 
aten.1.sm_86.ptx 290 : 261120 9451467 0 19456 12288 0 0 0 0 
aten.1.sm_86.ptx 291 : 261120 1697392 0 0 0 0 0 0 0 
aten.1.sm_86.ptx 292 : 261120 2527448 0 0 0 0 0 0 0 
aten.1.sm_86.ptx 310 : 262144 2024576 0 0 0 0 0 0 0 
aten.1.sm_86.ptx 335 : 1048576 28617856 0 0 0 0 0 0 0 
aten.1.sm_86.ptx 336 : 1048576 9895360 0 0 0 0 0 0 0 
aten.1.sm_86.ptx 342 : 262144 1552832 0 16384 8192 0 0 0 0 
aten.1.sm_86.ptx 344 : 262144 0 0 0 0 0 0 0 0 
